0 1 1 1
0 2 1 2
0 3 2 3 13
0 4 3 4 4 14
0 5 6 5 6 5 12 6 15
0 6 6 7 11 5 11 16 16
0 7 6 5 8 11 17 11 17
0 8 5 9 18 19 5 19
0 9 3 10 20 13
0 10 2 5 7
0 11 2 6 8
0 12 5 5 11 6 15 17
0 13 4 6 11 18 19
0 14 6 5 11 5 5 13 20
0 15 2 14 7
0 16 4 5 7 5 8
0 17 3 6 8 5
0 18 3 5 11 6
0 19 2 6 11
0 20 2 5 11
1 1 1 1
1 2 1 2
1 3 12 21 21 21 3 3 3 3 26 13 21 3 13
1 4 18 22 9 22 9 22 9 4 4 4 4 5 18 19 7 22 9 4 7
1 5 24 5 10 5 10 23 10 5 7 5 15 5 25 5 7 5 20 6 8 5 10 5 7 6 8
1 6 20 24 5 8 16 16 5 8 6 8 27 5 11 9 17 6 8 5 11 9 17
1 7 20 5 11 9 11 15 5 11 5 5 12 10 18 19 7 11 9 9 10 18 19
1 8 13 10 16 16 5 5 13 6 8 10 10 5 5 13
1 9 9 11 15 11 15 7 5 11 15 7
1 10 8 16 16 6 8 16 16 6 8
1 11 16 11 9 11 9 5 11 9 17 11 7 11 7 5 11 9 17
1 12 12 10 10 10 18 19 6 8 6 8 10 18 19
1 13 22 5 5 3 3 28 29 29 29 13 28 7 11 7 11 5 5 3 3 28 3 29 33
1 14 21 4 4 30 19 30 19 30 19 7 6 8 6 8 4 4 4 30 19 32 19 35
1 15 31 5 7 5 7 7 13 7 13 7 13 28 6 8 5 11 5 11 5 7 5 7 5 7 31 13 19 13 13 28 5 19
1 16 30 6 8 6 8 5 8 7 6 8 7 5 8 7 5 11 5 6 8 6 8 6 8 6 7 13 28 34 7 13 28
1 17 36 5 11 9 5 11 6 5 6 8 5 11 5 5 6 8 5 6 8 5 11 9 5 11 6 5 11 5 5 11 6 8 7 7 6 8 7
1 18 27 10 6 11 5 11 5 5 11 5 5 11 5 10 6 11 5 11 5 6 8 6 8 5 11 5 6 8
1 19 13 5 11 5 11 5 11 5 5 11 5 5 11 5
2 1 1 1
2 2 1 2
2 3 8 28 28 28 36 36 36 36 13
2 4 5 4 4 4 4 7
2 5 10 5 7 5 7 5 25 5 7 6 8
2 6 12 5 8 6 8 6 8 5 8 5 11 9 37
2 7 9 9 7 11 5 11 9 10 18 19
2 8 8 10 5 8 10 5 5 13 28
2 9 2 9 7
2 10 3 10 6 8
2 11 3 5 11 27
2 12 2 27 9
2 13 3 9 6 10
2 14 3 10 6 11
2 15 2 5 11
3 1 1 1
3 2 1 2
3 3 9 3 3 3 3 13 13 3 13 13
3 4 9 4 4 4 4 7 7 4 7 7
3 5 18 38 7 5 7 5 7 5 7 6 8 6 8 5 7 6 8 6 8
3 6 28 39 39 39 39 5 8 5 8 5 8 5 8 5 11 7 5 11 9 17 5 8 5 11 9 17 5 11 41
3 7 12 9 9 9 6 8 10 18 19 9 10 18 19
3 8 35 10 10 10 5 11 5 5 3 28 3 28 3 3 13 28 3 13 28 3 13 28 13 10 5 5 3 28 3 28 3 3 13 3 13 13
3 9 18 4 4 4 4 34 4 34 4 34 7 4 4 4 4 34 4 34 7
3 10 31 5 6 5 6 5 25 5 15 7 5 15 7 5 15 7 6 8 5 6 5 6 5 25 5 15 7 5 15 7 6 8
3 11 48 6 11 6 11 5 8 16 16 16 16 6 8 16 16 16 16 6 8 16 16 16 16 6 8 5 11 6 11 6 11 6 8 16 16 16 16 28 6 8 16 16 16 16 28 6 8 5 11
3 12 65 5 11 5 11 15 11 9 11 9 11 9 11 5 5 11 25 11 9 11 9 11 9 11 7 5 11 25 11 9 11 9 11 9 11 5 5 11 25 5 11 5 11 5 11 15 11 9 11 9 11 9 11 5 7 11 11 9 11 9 11 9 11 7 7 11
3 13 31 16 10 10 10 5 8 10 10 10 6 8 5 8 10 10 10 5 8 16 10 10 10 6 8 10 10 10 6 8 6 8
3 14 19 11 9 5 5 11 17 5 5 11 9 5 11 5 5 11 17 5 11 5
3 15 6 10 5 30 10 5 30
3 16 2 15 15
3 17 2 40 40
4 1 1 1
4 2 1 2
4 3 4 3 3 13 26
4 4 6 4 4 7 5 18 19
4 5 9 5 7 38 7 6 8 5 3 20
4 6 11 5 8 39 5 8 25 11 9 17 4 7
4 7 11 9 9 5 8 10 18 19 5 47 6 8
4 8 14 10 10 5 3 28 29 3 29 13 28 48 5 11 5
4 9 7 4 30 19 4 30 19 7
4 10 10 38 6 27 43 5 46 5 13 6 8
4 11 12 39 5 11 5 27 25 9 7 25 11 44 12
4 12 11 7 42 5 8 10 6 8 5 8 10 45
4 13 7 5 8 44 5 11 44 7
4 14 7 5 10 45 10 45 6 8
4 15 5 5 5 5 11 9
4 16 1 10
5 1 1 1
5 2 1 2
5 3 8 3 3 3 3 13 13 21 13
5 4 9 4 4 4 4 7 7 22 9 7
5 5 16 5 7 5 7 5 7 5 7 6 8 6 8 23 10 6 8
5 6 20 5 8 6 8 5 8 5 8 5 11 7 5 11 9 17 24 5 11 9 17
5 7 13 9 5 11 9 6 8 10 18 19 5 10 18 19
5 8 36 10 10 7 11 5 5 13 28 36 28 29 13 28 13 28 28 13 13 13 28 5 5 3 28 13 28 3 3 28 13 3 28 13 3 3 3
5 9 21 5 8 7 4 30 19 7 7 7 7 7 4 7 4 4 14 4 14 4 4 4
5 10 38 9 6 8 5 6 27 13 13 6 8 6 8 6 8 6 8 6 8 5 6 6 8 5 7 5 7 6 7 5 7 6 7 5 7 5 7 5 7
5 11 58 10 5 11 6 9 6 11 31 9 7 7 5 11 5 9 5 11 9 9 9 5 9 7 11 37 5 11 17 7 11 5 9 6 11 5 11 5 9 6 8 5 8 5 11 5 8 6 8 5 11 5 8 6 8 6 8 5 8
5 12 48 6 11 10 5 11 5 10 6 8 6 8 10 10 10 10 10 6 8 18 19 18 19 6 8 10 5 11 10 7 11 5 5 9 6 5 11 5 9 17 5 11 5 9 7 11 5 5 9
5 13 33 5 11 5 11 5 9 5 11 46 7 28 11 5 5 5 5 5 13 28 5 11 5 8 10 5 11 10 18 19 10 5 8 10
5 14 8 10 9 9 6 8 7 6 6
5 15 12 10 10 7 11 5 9 6 8 5 11 5 11
5 16 7 6 8 10 5 11 5 9
5 17 5 7 11 9 9 10
5 18 4 6 8 10 10
5 19 2 5 11
6 1 1 1
6 2 1 2
6 3 4 3 3 3 13
6 4 4 4 4 4 7
6 5 8 5 7 5 7 5 7 6 8
6 6 10 7 8 5 8 6 8 5 11 9 37
6 7 10 5 8 9 5 11 7 10 5 18 19
6 8 11 9 10 5 8 5 5 3 28 13 13 13
6 9 5 10 4 7 7 7
6 10 8 5 6 6 8 6 8 6 8
6 11 11 6 11 5 11 37 5 11 37 5 11 37
6 12 8 5 11 18 19 18 19 18 19
6 13 9 5 5 13 5 5 13 5 5 13
6 14 3 7 7 7
6 15 6 6 8 6 8 6 8
6 16 13 5 11 15 37 5 11 15 37 5 11 27 28 37
6 17 12 16 16 18 19 16 28 18 19 9 5 18 19
6 18 16 11 9 11 46 5 5 5 11 27 5 5 5 10 5 5 5
6 19 4 10 5 9 5
6 20 1 10
7 1 1 1
7 2 1 2
7 3 4 3 3 3 13
7 4 4 4 4 4 14
7 5 8 5 7 5 25 5 15 6 5
7 6 7 5 8 6 8 40 5 11
7 7 4 9 5 11 9
7 8 2 10 10
8 1 1 1
8 2 1 2
8 3 8 3 3 3 3 3 13 13 13
8 4 8 4 4 4 4 4 7 7 7
8 5 16 38 7 5 7 5 7 5 7 5 7 6 8 6 8 6 8
8 6 23 39 39 5 8 5 8 5 8 5 8 5 8 5 11 7 5 11 9 17 5 11 9 17
8 7 12 9 9 9 9 6 8 10 18 19 10 18 19
8 8 25 10 10 10 10 5 11 5 5 3 28 3 3 13 28 13 5 5 3 28 3 3 13 13 3 13
8 9 12 4 4 4 34 7 4 4 4 34 7 4 7
8 10 22 5 6 5 25 5 15 7 6 8 5 6 5 25 5 15 7 6 8 5 15 6 8
8 11 34 6 11 5 8 16 16 16 16 6 8 5 11 6 11 6 8 16 16 16 16 28 6 8 5 11 16 16 16 16 28 5 11 5 17
8 12 39 5 11 15 11 9 11 9 11 9 11 27 5 11 25 5 11 5 11 15 11 9 11 9 11 9 11 27 7 11 11 9 11 9 11 9 11 27 18 19
8 13 24 16 10 10 10 9 5 5 8 16 10 10 10 9 5 6 8 10 10 10 9 5 5 5 13
8 14 12 11 9 10 5 11 9 10 5 11 5 10 7
8 15 4 10 10 6 8
8 16 2 5 11
9 1 1 1
9 2 1 2
9 3 5 3 36 3 13 13
9 4 9 4 4 4 4 4 4 4 7 7
9 5 18 5 7 5 7 5 7 5 6 5 25 5 6 5 7 6 8 6 8
9 6 21 5 8 5 8 5 8 5 11 5 8 5 11 5 8 5 11 7 5 11 9 17
9 7 8 9 9 9 6 8 10 18 19
9 8 13 10 10 10 5 11 15 5 5 3 13 28 13 28
9 9 4 16 4 14 7
9 10 8 11 49 5 15 6 6 6 8
9 11 7 5 11 6 11 5 11 5
9 12 2 5 11
10 1 1 1
10 2 1 2
10 3 8 28 28 28 36 36 36 36 13
10 4 5 4 4 4 4 7
10 5 10 5 7 5 7 5 25 5 7 6 8
10 6 12 5 8 6 8 6 8 7 8 5 11 9 17
10 7 11 9 7 11 5 11 9 5 8 10 18 19
10 8 7 10 5 8 10 9 5 13
10 9 3 9 10 7
10 10 3 10 6 8
10 11 4 5 11 9 17
10 12 3 10 18 19
10 13 4 5 28 13 28
10 14 1 7
10 15 2 6 8
10 16 3 5 11 44
10 17 2 10 45
10 18 1 5
11 1 1 1
11 2 1 2
11 3 6 3 3 3 13 13 13
11 4 8 4 4 4 4 4 7 7 7
11 5 16 5 7 5 7 5 7 5 6 5 7 6 8 6 8 6 8
11 6 21 5 8 5 8 5 8 5 11 5 8 5 11 7 5 11 9 17 5 11 9 17
11 7 11 9 9 9 6 8 10 18 19 10 18 19
11 8 17 10 10 10 5 11 15 5 5 3 13 13 5 5 3 13 28 13
11 9 7 16 4 14 7 4 14 7
11 10 14 11 42 5 15 6 6 6 8 5 15 6 6 6 8
11 11 16 5 11 6 11 5 11 9 17 5 11 6 11 5 11 9 17
11 12 10 5 11 10 18 19 5 11 10 18 19
11 13 10 5 5 3 28 13 5 5 3 13 28
11 14 4 4 7 4 7
11 15 8 5 7 6 8 5 7 6 8
11 16 10 6 8 5 11 5 6 8 5 11 5
11 17 6 5 11 9 5 11 9
11 18 2 10 10
12 1 1 1
12 2 1 2
12 3 13 3 3 3 13 13 13 13 13 13 13 26 13 26
12 4 19 4 4 4 4 4 7 7 7 7 7 7 7 5 18 19 7 5 18 19
12 5 34 5 7 5 7 5 7 5 6 5 7 6 8 6 8 6 8 6 8 6 8 6 8 6 8 5 3 13 6 8 5 3 13 28 13
12 6 46 5 8 5 8 5 8 5 11 5 8 5 11 7 5 11 9 17 5 11 9 17 5 11 9 17 5 11 9 17 5 11 9 17 5 11 9 17 4 7 5 11 9 17 4 14 7
12 7 36 9 9 9 6 8 10 18 19 10 18 19 10 18 19 10 18 19 10 18 19 10 18 19 5 15 6 8 10 18 19 5 15 6 6 6 8
12 8 55 10 10 10 5 11 15 5 5 3 13 28 13 5 5 3 13 5 5 3 13 28 13 5 5 3 13 28 13 5 5 3 28 13 3 13 28 5 5 13 16 5 11 9 17 5 5 13 5 11 5 11 5 11 9 17
12 9 26 16 4 14 7 4 7 4 14 7 4 14 7 4 7 4 7 7 11 6 10 18 19 7 10 18 19
12 10 48 11 49 5 15 6 6 6 8 5 15 6 8 5 15 6 6 6 8 5 15 6 6 6 8 5 6 6 8 5 7 6 8 5 8 5 11 5 5 3 28 13 5 8 5 5 3 13 28
12 11 47 5 11 6 11 5 11 9 17 16 5 11 9 17 5 11 6 11 5 11 9 17 5 11 6 11 5 11 9 17 6 11 5 11 6 15 17 5 8 7 11 15 6 4 7 6 4 7
12 12 42 5 11 10 18 19 11 6 10 18 19 5 11 10 18 19 5 11 10 18 19 5 11 6 11 18 19 9 6 8 16 5 11 5 7 6 8 5 11 5 7 6 8
12 13 51 5 5 3 13 28 28 13 28 13 3 28 29 6 11 5 5 3 28 13 5 5 3 13 28 5 5 3 13 28 5 11 5 5 13 28 10 7 11 9 11 5 6 8 5 11 5 6 8 5 11 5
12 14 25 4 7 7 7 4 30 19 5 11 4 7 4 7 4 7 7 6 8 10 5 11 9 5 11 9
12 15 33 5 7 6 8 6 8 6 8 5 6 27 28 13 13 28 5 7 6 8 5 7 6 8 5 7 6 8 6 8 5 11 10 10
12 16 35 6 8 5 11 5 5 11 15 5 11 15 6 11 31 9 7 7 6 8 5 11 5 6 8 5 11 5 6 8 5 11 5 7 11 15
12 17 25 5 11 9 16 16 5 11 5 10 6 8 6 8 5 11 9 5 11 9 7 11 9 6 8 16
12 18 21 10 11 27 11 7 5 11 15 5 11 15 10 10 6 8 10 7 11 9 11 5
12 19 12 9 6 6 8 16 16 5 11 9 6 8 10
12 20 13 6 11 6 11 41 11 5 11 7 10 5 11 6
12 21 8 5 11 6 11 6 8 6 11
12 22 7 5 11 5 11 5 5 11
13 1 1 1
13 2 1 2
13 3 5 28 28 36 36 13
13 4 3 4 4 7
13 5 6 5 7 5 25 6 8
13 6 8 6 8 6 8 7 11 9 37
13 7 10 7 11 5 11 9 6 8 10 18 19
13 8 10 5 8 10 5 11 9 46 5 13 28
13 9 4 9 10 9 7
13 10 4 10 10 6 8
13 11 3 5 11 27
13 12 2 27 9
13 13 3 9 6 10
13 14 3 10 5 11
14 1 1 1
14 2 1 2
14 3 8 3 3 3 3 28 3 3 13
14 4 7 4 4 4 4 4 4 7
14 5 14 5 7 5 7 5 7 5 7 5 37 5 7 6 8
14 6 16 5 8 5 8 5 8 6 8 18 19 6 8 5 11 41 17
14 7 13 9 9 9 5 11 15 5 20 5 11 17 18 19
14 8 7 10 10 10 16 7 18 19
14 9 22 11 9 6 8 5 5 3 28 3 36 13 28 13 13 28 3 13 3 13 28 3 28
14 10 16 10 7 11 47 9 4 4 4 7 7 7 4 7 4 7 4
14 11 28 6 8 48 50 51 10 5 7 5 6 5 15 6 8 6 8 6 8 5 25 6 8 5 7 6 8 5 7
14 12 41 7 11 47 9 6 8 6 11 16 5 11 9 5 37 5 11 9 15 28 37 5 11 9 15 37 5 8 5 11 9 15 37 6 8 5 11 9 15 37 6 8
14 13 41 6 8 48 50 51 10 5 11 6 49 5 11 11 44 10 18 19 10 16 18 19 10 16 18 19 15 10 16 18 19 5 11 44 10 16 18 19 5 11 44 37
14 14 39 7 11 47 9 5 11 10 45 10 45 10 5 5 11 44 5 5 11 44 5 5 16 11 5 5 5 10 45 10 45 10 11 5 5 5 10 45 18 19
14 15 25 6 8 48 50 51 10 5 5 10 45 10 45 10 10 45 10 45 10 11 46 5 5 5 5 5
14 16 10 7 11 47 9 5 5 7 7 25 25
14 17 14 6 8 48 50 51 10 5 8 5 8 5 8 5 8
14 18 8 7 11 47 9 5 5 15 15
14 19 10 6 8 48 50 51 10 16 16 16 16
14 20 12 5 11 47 9 11 9 11 5 11 9 11 5
14 21 6 48 50 51 10 10 10
15 1 1 1
15 2 1 2
15 3 9 3 3 3 3 3 13 13 13 13
15 4 9 4 4 4 4 4 7 7 7 7
15 5 18 38 7 5 7 5 7 5 7 5 7 6 8 6 8 6 8 6 8
15 6 30 39 39 39 39 39 5 8 5 8 5 8 5 8 5 8 5 11 7 5 11 9 17 5 11 9 17 5 11 9 17
15 7 15 9 9 9 9 6 8 10 18 19 10 18 19 10 18 19
15 8 43 10 10 10 10 5 11 5 5 3 28 3 3 3 13 28 3 13 28 3 13 28 13 5 5 3 28 3 3 13 3 13 3 13 13 5 5 3 28 3 3 3 13 28
15 9 24 4 4 4 4 34 4 34 4 34 7 4 4 4 34 4 34 4 34 7 4 4 4 4 34
15 10 41 5 6 5 25 5 15 5 25 7 5 15 7 5 15 7 6 8 5 6 5 25 5 15 7 5 15 7 5 15 7 6 8 5 6 5 25 5 15 5 25 7
15 11 65 6 11 5 8 16 16 16 5 8 6 8 16 16 16 16 6 8 16 16 16 16 16 6 8 5 11 6 11 6 8 16 28 16 16 6 8 16 16 16 28 16 6 8 16 16 16 16 28 16 6 8 5 11 6 11 5 8 16 16 16 16 5 8 6 8
15 12 87 5 11 15 11 27 11 15 11 15 5 5 11 5 11 9 11 9 11 5 11 9 5 11 25 11 9 11 9 11 9 11 5 11 9 5 11 25 5 11 5 11 15 11 5 11 15 11 15 7 11 11 9 11 9 11 5 11 9 7 11 11 9 11 9 11 9 11 5 11 9 7 11 5 11 15 11 9 11 9 11 5 11 9 5 5 11 5
15 13 36 16 9 5 16 16 10 10 10 5 8 10 10 10 10 5 8 16 16 16 6 8 10 10 10 6 8 10 10 10 10 6 8 16 10 10 10
15 14 26 11 9 10 11 9 11 9 5 5 11 9 11 9 11 9 5 11 5 5 11 5 5 11 5 11 9
15 15 7 10 10 10 10 10 10 10
16 1 1 1
16 2 1 2
16 3 9 13 3 3 3 13 13 3 3 13
16 4 9 9 4 4 4 14 7 4 4 7
16 5 17 10 5 7 5 7 5 7 6 6 6 8 5 7 5 7 6 8
16 6 21 5 8 5 8 5 8 5 11 5 11 5 11 9 5 8 6 8 5 11 9 17
16 7 11 9 9 9 10 5 11 9 15 10 18 19
16 8 13 10 10 10 10 16 16 5 5 3 13 28 13 28
16 9 7 11 15 11 5 4 14 7
16 10 8 16 16 5 15 6 6 6 8
16 11 11 11 5 11 49 5 11 7 11 5 11 5
16 12 2 6 8
16 13 3 5 11 6
16 14 2 6 11
16 15 2 5 11
17 1 1 1
17 2 1 2
17 3 4 36 3 36 13
17 4 4 4 4 4 7
17 5 8 5 7 5 7 5 7 6 8
17 6 10 5 8 5 8 5 8 5 11 9 37
17 7 5 9 9 10 18 19
17 8 7 10 10 5 5 13 13 28
17 9 2 7 7
17 10 4 6 44 6 8
17 11 7 5 11 10 45 25 11 27
17 12 5 6 6 8 27 9
17 13 7 6 11 5 11 9 6 10
17 14 5 5 11 10 6 11
17 15 2 5 11
18 1 1 1
18 2 1 2
18 3 18 36 36 21 3 13 21 13 3 13 21 3 13 21 36 36 13 3 13
18 4 22 4 4 22 9 4 7 22 9 7 4 7 22 9 4 7 22 9 4 4 7 4 7
18 5 36 5 7 5 7 23 10 5 25 6 8 23 10 6 8 38 7 6 8 23 10 5 25 6 8 23 10 5 7 5 15 6 8 5 7 6 8
18 6 46 5 8 5 8 24 5 8 5 11 9 37 24 24 5 11 9 37 39 5 8 5 11 9 37 24 5 8 5 11 9 37 24 24 5 8 16 5 11 9 37 5 8 5 11 9 37
18 7 32 9 5 10 18 19 5 5 10 18 19 9 10 18 19 5 5 10 18 19 5 5 5 44 11 17 10 18 19 9 10 18 19
18 8 55 10 5 5 3 28 3 28 5 5 3 28 3 28 3 3 28 3 13 28 10 5 5 3 28 3 3 13 28 5 5 3 28 3 28 3 28 10 18 19 5 5 3 28 3 28 13 13 10 5 5 3 3 28 3 28
18 9 23 4 4 4 4 4 4 4 7 4 4 4 7 4 4 4 20 4 4 7 7 4 4 4
18 10 45 5 6 5 7 5 6 5 7 5 7 5 7 5 7 5 8 5 6 5 34 5 7 5 8 5 6 5 34 5 34 9 5 6 5 34 5 8 5 8 5 7 5 6 5 34
18 11 39 6 11 6 8 6 11 5 8 5 8 5 8 6 8 44 6 11 7 6 8 9 15 6 11 7 7 10 6 11 7 9 15 9 15 6 8 6 11 7
18 12 49 5 11 5 11 44 5 11 44 5 44 5 11 15 10 45 5 11 5 8 5 11 15 10 16 5 11 6 8 6 8 5 11 5 8 10 16 16 16 10 16 16 16 5 11 9 5 11 6 8
18 13 38 10 45 10 10 45 10 45 5 9 15 11 44 5 11 44 5 11 9 15 5 27 5 11 9 11 15 11 7 11 9 11 15 11 7 10 5 11 44
18 14 25 5 5 5 10 16 16 28 10 45 10 45 10 16 27 9 10 16 6 8 10 16 6 8 10 45
18 15 22 11 15 11 44 5 5 11 44 9 5 10 9 9 5 11 15 9 9 5 11 15 5
18 16 14 16 10 45 10 45 10 10 10 16 28 10 10 16 16
18 17 10 11 9 5 5 11 44 11 44 11 15
18 18 6 10 10 45 10 10 16
18 19 3 5 11 5
19 1 1 1
19 2 1 2
19 3 6 21 21 21 3 13 13
19 4 9 22 9 22 9 22 9 4 7 7
19 5 12 23 10 5 10 5 10 5 7 6 8 6 8
19 6 10 24 5 8 5 11 7 5 11 9 17
19 7 6 5 6 8 10 18 19
19 8 11 5 11 5 5 3 28 13 28 13 28 13
19 9 4 4 7 7 7
19 10 8 5 7 6 8 6 8 6 8
19 11 11 6 8 5 11 15 5 11 15 5 11 15
19 12 6 5 11 6 16 16 16
19 13 8 6 11 11 5 11 6 11 44
19 14 5 5 11 6 11 45
19 15 3 5 11 6
19 16 2 6 11
19 17 2 5 11
20 1 1 1
20 2 1 2
20 3 10 13 3 3 3 13 13 3 13 3 13
20 4 10 9 4 4 4 14 7 4 7 4 7
20 5 19 10 5 7 5 7 5 7 6 6 6 8 5 7 6 8 5 7 6 8
20 6 24 5 8 5 8 5 8 5 11 5 11 5 11 9 5 8 5 11 7 6 8 5 11 9 17
20 7 13 9 9 9 10 6 8 5 11 9 15 10 18 19
20 8 113 10 10 10 5 11 10 16 16 5 5 3 13 28 13 28 13 28 13 28 13 28 13 28 13 28 13 28 13 28 13 28 13 28 13 28 13 28 13 28 13 28 13 28 13 13 13 28 13 28 13 28 13 28 13 13 28 13 13 28 13 13 28 13 13 28 13 13 28 13 13 28 26 13 26 36 13 28 13 28 3 28 13 28 13 28 13 28 13 28 13 28 13 28 13 28 13 28 13 28 13 28 13 28 13 28 13 28 13 28 13 28 13 29
20 9 71 11 15 11 5 4 14 7 7 7 7 7 7 7 7 7 7 7 7 7 7 7 7 28 7 7 7 7 7 7 7 7 7 7 7 7 7 7 7 7 7 5 18 19 25 5 18 19 4 25 7 4 4 7 7 7 7 7 7 7 7 7 7 7 7 7 7 7 7 30 19 32
20 10 126 16 16 5 15 6 6 6 8 6 8 6 8 6 8 6 8 6 8 6 8 6 8 6 8 6 8 6 8 6 8 6 8 6 8 6 8 6 8 6 8 6 8 6 8 6 8 6 8 6 8 6 8 6 8 6 8 6 8 6 8 6 8 6 8 6 8 6 8 6 8 6 8 5 5 5 28 20 5 8 20 5 7 5 8 6 8 5 6 5 6 6 8 6 8 6 8 6 8 6 8 6 8 6 8 6 8 6 8 6 8 6 8 6 8 6 8 6 8 6 8 6 8 7 13 28 19
20 11 196 11 5 11 49 5 11 6 11 5 11 46 5 11 5 5 11 5 5 11 5 5 11 9 5 5 11 5 5 11 5 5 11 5 5 11 5 5 11 5 5 11 5 5 11 5 5 11 5 7 11 5 5 11 5 5 37 25 28 11 5 37 7 28 11 7 11 5 7 11 5 52 11 5 5 11 5 17 5 11 5 17 7 11 17 7 11 17 7 11 17 7 11 5 17 5 11 5 17 5 11 5 17 7 11 17 7 11 17 7 11 17 7 11 5 17 5 11 5 17 25 5 5 5 6 5 8 5 5 5 5 11 5 5 37 6 11 6 11 5 11 5 5 11 5 5 11 5 5 11 5 5 11 5 5 5 11 5 5 11 5 5 11 5 5 11 5 5 11 5 5 11 5 5 5 11 5 5 5 11 5 5 5 11 5 5 5 11 15 5 11 15 6 8 7 13 28
20 12 80 5 11 5 10 6 8 18 19 6 8 18 19 6 8 6 8 6 8 6 5 18 7 18 7 6 8 18 7 6 8 18 7 6 8 18 7 6 8 18 7 18 7 18 7 6 8 18 7 6 8 18 7 6 8 18 7 6 8 18 7 18 7 6 8 5 11 18 19 5 11 5 11 16 16 6 11 5 6 8 7
20 13 109 5 11 5 5 11 5 5 5 7 11 5 5 11 5 7 11 5 7 11 5 5 6 8 5 5 6 8 5 11 5 5 5 6 8 5 11 5 5 5 6 8 5 11 5 5 6 8 5 11 5 5 6 8 5 5 6 8 5 5 6 8 5 11 5 5 5 6 8 5 11 5 5 5 6 8 5 11 5 5 6 8 5 11 5 5 6 8 5 5 6 8 5 11 9 9 9 11 5 11 15 6 11 5 11 5 5 37 6 8
20 14 58 6 8 6 8 6 8 5 11 5 5 11 5 5 11 5 5 11 5 5 11 5 5 11 5 52 11 5 5 11 5 52 11 5 5 11 5 52 11 5 5 11 5 5 11 5 10 10 10 16 5 11 18 19 5 11 5 5 37
20 15 20 7 28 11 5 5 11 5 5 11 5 5 5 5 5 5 5 11 5 18 19
20 16 2 6 8
20 17 5 7 28 11 5 5
20 18 2 6 8
20 19 4 7 28 11 5
20 20 2 6 8
20 21 4 7 28 11 5
20 22 2 6 8
20 23 4 7 28 11 5
20 24 2 6 8
20 25 3 5 11 5
21 1 1 1
21 2 1 2
21 3 7 3 3 3 3 3 3 13
21 4 7 4 4 4 4 4 4 7
21 5 14 5 7 5 7 5 7 5 25 5 7 5 7 6 8
21 6 15 5 8 5 8 5 8 5 8 5 8 6 8 5 11 7
21 7 9 9 9 9 9 5 11 15 6 8
21 8 11 10 10 10 10 16 16 16 5 11 9 17
21 9 9 11 9 11 9 11 9 10 18 19
21 10 8 10 10 10 5 5 28 13 13
21 11 2 14 7
21 12 4 5 7 6 8
21 13 6 5 8 5 11 27 28
21 14 3 5 44 5
21 15 9 10 51 10 51 10 51 10 51 10
22 1 1 1
22 2 1 2
22 3 5 3 3 3 13 13
22 4 7 4 4 4 4 4 7 7
22 5 14 5 7 5 7 5 7 5 25 5 7 6 8 6 8
22 6 17 5 8 5 8 5 8 6 8 5 8 5 11 7 5 11 9 17
22 7 11 9 9 9 5 11 9 6 8 10 18 19
22 8 14 10 10 10 10 5 11 15 5 5 3 13 28 13 28
22 9 4 16 4 14 7
22 10 8 11 49 5 15 6 6 6 8
22 11 8 5 11 6 11 5 11 5 17
22 12 4 5 11 18 19
22 13 2 5 5
23 1 1 1
23 2 1 2
23 3 2 3 13
23 4 2 4 7
23 5 4 5 7 6 8
23 6 6 7 8 7 11 9 17
23 7 7 5 8 7 8 10 18 19
23 8 39 9 5 8 5 5 3 36 28 13 28 13 28 13 28 13 28 13 28 13 28 13 28 13 28 13 28 13 28 13 28 13 13 13 13 13 13 13 13 13
23 9 24 10 9 4 4 7 7 7 7 7 7 7 7 7 7 7 7 7 7 7 7 7 7 7 7
23 10 45 10 5 7 5 27 6 8 6 8 6 8 6 8 6 8 6 8 6 8 6 8 6 8 6 8 6 8 6 8 6 8 6 8 6 8 6 8 6 8 6 8 6 8 6 8
23 11 67 5 8 27 9 5 11 5 5 11 5 5 11 5 5 11 5 5 11 5 5 11 5 5 11 5 5 11 5 5 11 5 5 11 5 5 11 5 5 11 15 5 11 15 5 11 15 5 11 15 5 11 15 5 11 15 5 11 15 5 11 17 5 11 15 28 17 28
23 12 25 52 9 6 10 16 28 16 16 16 16 28 16 16 28 16 16 16 16 16 16 5 19 16 5 7
23 13 37 6 9 10 6 11 11 5 11 9 11 6 11 9 11 6 11 9 11 6 11 9 11 46 11 9 11 15 11 9 11 15 20 28 11 17 6 8
23 14 42 5 11 10 5 11 10 6 11 10 6 11 10 6 11 10 6 28 6 28 6 28 10 16 28 16 28 10 51 10 51 16 28 16 28 16 28 7 5 7 5 11 5
23 15 26 5 11 5 11 5 11 6 11 6 11 6 11 11 6 11 6 11 6 11 6 11 6 6 8 6 8
23 16 22 5 11 5 11 5 11 6 11 6 11 6 11 6 11 6 11 5 11 5 5 11 5
23 17 10 5 11 5 11 5 11 5 11 5 11
24 1 1 1
24 2 1 2
24 3 6 21 3 3 3 13 13
24 4 7 22 9 4 4 4 7 7
24 5 12 23 10 5 7 5 7 5 9 6 8 6 8
24 6 17 24 24 24 24 5 8 5 8 10 5 11 9 17 5 11 9 17
24 7 11 5 5 5 5 9 10 18 19 10 18 19
24 8 37 10 5 5 3 3 28 3 3 13 28 3 3 13 28 3 3 13 28 3 3 13 28 3 13 28 13 28 5 5 3 3 3 28 3 13 3 13
24 9 24 4 4 4 4 34 4 4 34 4 4 34 4 4 34 4 34 34 4 4 4 4 7 4 7
24 10 42 5 25 5 6 5 44 5 25 7 5 27 5 25 7 5 15 5 25 7 5 15 5 25 7 5 25 7 7 5 7 5 25 5 6 5 15 6 8 5 15 6 8
24 11 50 5 8 6 11 10 45 10 5 8 6 8 9 5 5 8 6 8 16 5 8 6 8 16 5 8 6 8 5 8 6 8 6 8 5 8 6 8 6 11 16 28 5 11 5 37 16 5 11 5 37
24 12 46 15 5 11 5 15 5 11 5 10 15 5 11 5 11 46 5 5 11 5 11 7 5 5 11 5 15 5 11 5 5 11 5 9 5 11 15 5 11 11 44 18 19 11 46 18 19
24 13 17 16 16 15 15 6 8 10 16 10 45 10 5 5 15 15 5 5
24 14 16 11 5 11 5 16 16 5 11 17 11 9 5 16 28 16 28
24 15 11 11 44 11 9 5 30 10 11 44 11 44
24 16 11 10 45 10 10 15 10 45 10 10 45 10
24 17 4 5 16 5 5
24 18 2 11 44
24 19 3 10 45 10
24 20 1 5
25 1 1 1
25 2 1 2
25 3 19 3 3 3 3 13 36 36 36 36 3 13 13 36 3 3 3 13 36 13
25 4 19 4 4 4 4 7 4 4 4 4 4 7 7 4 4 4 4 7 4 7
25 5 38 5 7 5 7 5 7 5 15 6 8 5 7 5 7 5 7 5 7 5 15 6 8 6 8 5 7 5 7 5 15 5 7 6 8 5 7 6 8
25 6 41 5 8 5 8 5 8 5 11 9 17 5 8 5 8 5 8 5 8 5 11 7 5 11 9 37 5 8 5 8 5 8 5 11 9 17 5 8 5 11 9 37
25 7 21 9 9 10 18 19 9 9 9 6 8 10 18 19 9 9 10 18 19 10 18 19
25 8 38 10 10 5 5 3 13 13 13 13 10 10 10 5 11 5 5 5 36 3 28 13 28 13 13 10 10 5 5 36 3 28 13 5 5 36 3 13 13
25 9 17 4 7 7 7 7 4 4 7 7 7 4 4 7 4 4 7 7
25 10 34 5 7 6 8 6 8 6 8 6 8 5 6 5 6 6 8 6 8 6 8 5 7 5 6 6 8 5 6 5 6 6 8 6 8
25 11 56 6 8 5 11 5 17 5 11 5 17 5 11 5 17 5 11 5 17 5 11 6 11 5 11 27 37 5 11 5 27 37 5 11 5 12 27 37 6 8 6 11 5 11 37 5 11 6 11 5 11 27 37 6 11 27 37
25 12 44 5 11 18 19 18 19 18 19 18 19 5 11 9 5 18 19 9 5 18 19 9 5 18 19 5 11 5 5 11 5 18 19 5 11 9 5 18 19 5 11 9 5 18 19
25 13 63 5 3 28 3 13 28 13 5 3 28 3 28 13 28 13 5 3 28 36 28 13 28 13 5 3 28 36 28 13 28 13 10 5 5 10 5 5 28 13 28 10 5 5 28 13 28 5 13 28 13 28 13 28 13 13 13 28 10 5 5 10 5 5
25 14 24 4 4 7 7 4 4 7 7 4 4 7 7 4 4 7 7 7 7 7 7 7 7 7 7
25 15 48 5 6 5 44 6 8 6 8 5 6 5 7 6 8 6 8 5 6 5 7 6 8 6 8 5 6 5 7 6 8 6 8 6 8 5 8 6 8 6 8 6 8 6 8 6 8 6 8
25 16 73 6 11 10 45 10 5 11 5 17 5 11 6 11 6 8 5 11 46 17 5 11 6 11 6 8 5 11 46 37 5 11 6 11 6 8 5 11 46 37 5 11 5 11 15 37 41 5 37 5 11 46 37 5 11 27 37 5 11 27 5 37 5 11 27 37 5 11 27 37 5 11 27 37
25 17 60 5 11 5 18 19 5 11 5 11 27 5 18 19 5 11 5 11 27 46 46 18 19 5 11 5 11 27 41 5 18 19 16 16 18 19 18 19 7 18 19 9 5 18 19 9 5 18 19 9 5 18 19 9 5 18 19 9 5 18 19
25 18 53 5 5 44 5 5 5 44 5 41 5 41 5 5 5 9 5 5 5 11 5 11 41 5 5 5 5 5 5 5 5 6 8 5 10 5 5 10 5 5 10 5 5 28 13 28 10 5 5 28 13 10 5 5
25 19 9 10 10 10 6 11 5 27 7 7
25 20 8 5 11 9 5 6 8 6 8
25 21 9 10 5 11 46 37 5 11 15 37
25 22 7 5 18 19 16 16 18 19
25 23 10 5 5 11 41 11 5 5 5 5 5
26 1 1 1
26 2 1 2
26 3 6 28 28 3 3 26 13
26 4 6 4 4 5 18 19 7
26 5 14 5 7 5 25 5 5 36 28 13 28 36 13 6 8
26 6 12 5 8 6 8 4 7 4 7 7 11 9 5
26 7 15 9 5 11 5 5 27 6 8 5 27 6 8 7 8 10
26 8 17 10 27 9 5 11 5 46 37 9 9 5 11 5 46 37 5 8
26 9 11 9 6 10 18 19 10 10 6 18 19 9
26 10 13 10 6 11 5 5 28 28 6 11 5 5 28 10
26 11 4 5 11 5 11
27 1 1 1
27 2 1 2
27 3 2 21 53
27 4 3 22 9 3
27 5 3 5 10 4
27 6 2 5 7
27 7 2 6 8
27 8 4 5 11 9 7
27 9 3 10 5 8
28 1 1 1
28 2 1 2
28 3 4 3 3 13 13
28 4 6 4 4 4 4 7 7
28 5 12 5 7 5 7 5 7 5 7 6 8 6 8
28 6 15 5 8 5 8 5 8 5 8 5 11 7 5 11 9 17
28 7 8 9 9 9 6 8 10 18 19
28 8 13 10 10 10 5 11 15 5 5 3 13 28 13 28
28 9 4 16 4 14 7
28 10 8 11 49 5 15 6 6 6 8
28 11 8 5 11 6 11 6 11 5 17
28 12 6 5 11 5 11 18 19
28 13 2 5 5
