1 1 1 1
1 2 1 2
1 3 2 3 4
1 4 1 5
2 1 1 1
2 2 1 2
2 3 2 3 6
2 4 2 3 7
3 1 1 1
3 2 1 2
3 3 2 3 8
3 4 1 9
3 5 1 3
4 1 1 10
4 2 3 2 2 2
4 3 5 3 6 3 3 6
4 4 4 3 7 3 7
5 1 1 1
5 2 1 2
5 3 2 3 11
5 4 2 6 9
5 5 3 7 4 4
5 6 2 5 5
6 1 1 12
6 2 1 11
6 3 2 6 9
6 4 3 7 4 3
6 5 1 5
7 1 1 1
7 2 3 2 2 2
7 3 6 3 11 3 11 3 11
7 4 3 9 9 9
7 5 3 4 4 4
7 6 3 5 5 5
8 1 1 12
8 2 1 13
8 3 2 6 14
8 4 4 3 7 15 15
8 5 2 7 7
9 1 1 12
9 2 1 13
9 3 2 6 3
9 4 2 3 7
10 1 1 16
10 2 3 3 17 18
10 3 2 3 19
10 4 1 20
10 5 2 3 21
11 1 1 12
11 2 1 11
11 3 2 6 9
11 4 3 3 7 11
11 5 2 6 9
11 6 3 3 7 14
11 7 1 15
11 8 1 7
12 1 1 16
12 2 3 3 17 18
12 3 6 3 3 10 12 10 12
12 4 4 2 11 2 11
12 5 8 3 20 6 9 3 20 6 9
12 6 11 20 4 3 7 3 4 4 3 7 3 22
12 7 6 4 6 5 5 5 6
12 8 3 5 7 7
13 1 1 1
13 2 1 2
13 3 2 3 11
13 4 2 6 9
13 5 3 3 7 3
14 1 1 16
14 2 3 3 17 18
14 3 4 3 1 12 12
14 4 3 2 13 11
14 5 5 3 6 6 6 9
14 6 7 3 7 3 7 3 7 4
14 7 1 5
15 1 1 10
15 2 1 2
15 3 2 3 11
15 4 1 9
15 5 1 4
15 6 1 5
16 1 1 10
16 2 1 2
16 3 2 3 14
16 4 1 15
16 5 1 7
17 1 1 1
17 2 2 2 2
17 3 4 3 6 3 21
17 4 1 7
18 1 1 11
18 2 2 6 9
18 3 4 3 7 4 22
18 4 2 5 4
18 5 1 5
19 1 1 12
19 2 1 11
19 3 2 6 9
19 4 3 3 7 23
20 1 1 1
20 2 1 2
20 3 2 3 14
20 4 2 15 15
20 5 4 7 4 7 14
20 6 3 5 15 15
20 7 4 7 14 7 14
20 8 2 15 15
20 9 4 7 4 7 4
20 10 2 5 5
21 1 1 12
21 2 1 11
21 3 2 6 9
21 4 3 3 7 11
21 5 2 6 9
21 6 3 3 7 3
22 1 1 10
22 2 1 2
22 3 2 3 8
22 4 1 9
22 5 1 4
22 6 1 5
23 1 1 16
23 2 3 3 17 18
23 3 3 3 1 19
23 4 2 2 11
23 5 3 3 6 9
23 6 3 3 7 3
24 1 1 1
24 2 1 2
24 3 2 24 11
24 4 6 25 25 25 25 25 9
24 5 1 4
24 6 1 5
25 1 1 1
25 2 1 2
25 3 2 3 8
25 4 1 9
25 5 1 4
25 6 1 5
26 1 1 1
26 2 1 2
26 3 2 3 11
26 4 2 6 9
26 5 3 3 7 14
26 6 3 15 15 15
26 7 6 7 4 7 4 7 4
26 8 3 5 5 5
27 1 1 12
27 2 1 11
27 3 2 6 9
27 4 3 3 7 11
27 5 2 6 9
27 6 3 3 7 4
27 7 1 5
28 1 1 1
28 2 1 2
28 3 2 3 11
28 4 2 6 9
28 5 4 3 7 4 14
28 6 3 5 15 15
28 7 4 7 14 7 3
28 8 2 15 15
28 9 3 7 3 7
29 1 1 16
29 2 3 3 17 18
29 3 3 3 1 12
29 4 2 2 11
29 5 4 3 14 6 9
29 6 4 15 3 7 4
29 7 3 7 6 5
29 8 2 3 7
30 1 1 10
30 2 1 2
30 3 2 3 11
30 4 1 9
30 5 1 26
30 6 1 5
